-0.00212442590496
-0.00210915378543
-0.00209276435105
-0.00207526370730
-0.00205665843212
-0.00203695557456
-0.00201616265328
-0.00199428765490
-0.00197133903226
-0.00194732570254
-0.00192225704530
-0.00189614290031
-0.00186899356538
-0.00184081979397
-0.00181163279270
-0.00178144421877
-0.00175026617720
-0.00171811121797
-0.00168499233306
-0.00165092295328
-0.00161591694510
-0.00157998860717
-0.00154315266691
-0.00150542427677
-0.00146681901054
-0.00142735285935
-0.00138704222768
-0.00134590392913
-0.00130395518211
-0.00126121360537
-0.00121769721337
-0.00117342441152
-0.00112841399131
-0.00108268512524
-0.00103625736163
-0.00098915061930
-0.00094138518204
-0.00089298169302
-0.00084396114895
-0.00079434489420
-0.00074415461462
-0.00069341233140
-0.00064214039455
-0.00059036147644
-0.00053809856501
-0.00048537495693
-0.00043221425056
-0.00037864033878
-0.00032467740157
-0.00027034989860
-0.00021568256145
-0.00016070038585
-0.00010542862365
-0.00004989277469
0.00000588142158
0.00006186799451
0.00011804075094
0.00017437328400
0.00023083898208
0.00028741103796
0.00034406245809
0.00040076607208
0.00045749454228
0.00051422037357
0.00057091592328
0.00062755341133
0.00068410493042
0.00074054245645
0.00079683785912
0.00085296291260
0.00090888930640
0.00096458865642
0.00102003251606
0.00107519238758
0.00113003973353
0.00118454598834
0.00123868257009
0.00129242089232
0.00134573237612
0.00139858846219
0.00145096062317
0.00150282037598
0.00155413929438
0.00160488902159
0.00165504128303
0.00170456789917
0.00175344079855
0.00180163203077
0.00184911377975
0.00189585837693
0.00194183831466
0.00198702625962
0.00203139506637
0.00207491779091
0.00211756770438
0.00215931830680
0.00220014334083
0.00224001680563
0.00227891297077
0.00231680639016
0.00235367191603
0.00238948471290
0.00242422027166
0.00245785442357
0.00249036335436
0.00252172361824
0.00255191215198
0.00258090628894
0.00260868377312
0.00263522277316
0.00266050189624
0.00268450020213
0.00270719721694
0.00272857294703
0.00274860789274
0.00276728306208
0.00278457998431
0.00280048072349
0.00281496789191
0.00282802466336
0.00283963478637
0.00284978259724
0.00285845303306
0.00286563164445
0.00287130460823
0.00287545873994
0.00287808150615
0.00287916103663
0.00287868613628
0.00287664629697
0.00287303170904
0.00286783327271
0.00286104260918
0.00285265207157
0.00284265475552
0.00283104450969
0.00281781594585
0.00280296444876
0.00278648618584
0.00276837811643
0.00274863800083
0.00272726440905
0.00270425672917
0.00267961517547
0.00265334079615
0.00262543548072
0.00259590196714
0.00256474384842
0.00253196557902
0.00249757248082
0.00246157074864
0.00242396745545
0.00238477055718
0.00234398889703
0.00230163220952
0.00225771112391
0.00221223716741
0.00216522276776
0.00211668125550
0.00206662686571
0.00201507473929
0.00196204092385
0.00190754237402
0.00185159695134
0.00179422342368
0.00173544146412
0.00167527164935
0.00161373545757
0.00155085526592
0.00148665434729
0.00142115686675
0.00135438787734
0.00128637331541
0.00121713999536
0.00114671560394
0.00107512869394
0.00100240867731
0.00092858581785
0.00085369122328
0.00077775683672
0.00070081542772
0.00062290058267
0.00054404669470
0.00046428895295
0.00038366333141
0.00030220657708
0.00021995619769
0.00013695044874
0.00005322832013
-0.00003117047789
-0.00011620552923
-0.00020183572704
-0.00028801928939
-0.00037471377540
-0.00046187610194
-0.00054946256097
-0.00063742883720
-0.00072573002650
-0.00081432065467
-0.00090315469682
-0.00099218559721
-0.00108136628964
-0.00117064921831
-0.00125998635916
-0.00134932924175
-0.00143862897159
-0.00152783625289
-0.00161690141190
-0.00170577442054
-0.00179440492065
-0.00188274224854
-0.00197073546002
-0.00205833335588
-0.00214548450768
-0.00223213728408
-0.00231823987740
-0.00240374033068
-0.00248858656501
-0.00257272640726
-0.00265610761813
-0.00273867792056
-0.00282038502836
-0.00290117667523
-0.00298100064402
-0.00305980479627
-0.00313753710196
-0.00321414566961
-0.00328957877645
-0.00336378489892
-0.00343671274332
-0.00350831127661
-0.00357852975741
-0.00364731776714
-0.00371462524121
-0.00378040250047
-0.00384460028256
-0.00390716977349
-0.00396806263923
-0.00402723105725
-0.00408462774820
-0.00414020600755
-0.00419391973714
-0.00424572347681
-0.00429557243584
-0.00434342252446
-0.00438923038513
-0.00443295342375
-0.00447454984079
-0.00451397866216
-0.00455119976998
-0.00458617393312
-0.00461886283755
-0.00464922911640
-0.00467723637980
-0.00470284924445
-0.00472603336288
-0.00474675545233
-0.00476498332343
-0.00478068590835
-0.00479383328872
-0.00480439672301
-0.00481234867363
-0.00481766283344
-0.00482031415194
-0.00482027886084
-0.00481753449926
-0.00481205993827
-0.00480383540501
-0.00479284250616
-0.00477906425089
-0.00476248507315
-0.00474309085335
-0.00472086893948
-0.00469580816742
-0.00466789888073
-0.00463713294962
-0.00460350378929
-0.00456700637748
-0.00452763727130
-0.00448539462330
-0.00444027819672
-0.00439228937997
-0.00434143120028
-0.00428770833653
-0.00423112713123
-0.00417169560158
-0.00410942344976
-0.00404432207222
-0.00397640456815
-0.00390568574695
-0.00383218213482
-0.00375591198038
-0.00367689525936
-0.00359515367828
-0.00351071067718
-0.00342359143131
-0.00333382285190
-0.00324143358586
-0.00314645401444
-0.00304891625089
-0.00294885413714
-0.00284630323930
-0.00274130084222
-0.00263388594297
-0.00252409924318
-0.00241198314047
-0.00229758171858
-0.00218094073668
-0.00206210761736
-0.00194113143370
-0.00181806289522
-0.00169295433264
-0.00156585968173
-0.00143683446590
-0.00130593577785
-0.00117322225999
-0.00103875408392
-0.00090259292872
-0.00076480195824
-0.00062544579723
-0.00048459050651
-0.00034230355698
-0.00019865380265
-0.00005371145254
0.00009245195835
0.00023976359925
0.00038814937470
0.00053753395676
0.00068784081817
0.00083899226651
0.00099090947935
0.00114351254037
0.00129672047640
0.00145045129548
0.00160462202575
0.00175914875529
0.00191394667291
0.00206893010974
0.00222401258167
0.00237910683276
0.00253412487929
0.00268897805476
0.00284357705563
0.00299783198775
0.00315165241369
0.00330494740061
0.00345762556895
0.00360959514175
0.00376076399463
0.00391103970637
0.00406032961012
0.00420854084517
0.00435558040926
0.00450135521143
0.00464577212535
0.00478873804313
0.00493015992952
0.00506994487658
0.00520800015872
0.00534423328802
0.00547855206997
0.00561086465939
0.00574107961673
0.00586910596448
0.00599485324383
0.00611823157148
0.00623915169659
0.00635752505779
0.00647326384031
0.00658628103304
0.00669649048572
0.00680380696593
0.00690814621615
0.00700942501063
0.00710756121209
0.00720247382834
0.00729408306859
0.00738231039952
0.00746707860113
0.00754831182219
0.00762593563538
0.00769987709199
0.00777006477623
0.00783642885906
0.00789890115152
0.00795741515750
0.00801190612598
0.00806231110257
0.00810856898055
0.00815062055106
0.00818840855271
0.00822187772037
0.00825097483314
0.00827564876159
0.00829585051410
0.00831153328222
0.00832265248527
0.00832916581384
0.00833103327237
0.00832821722067
0.00832068241437
0.00830839604433
0.00829132777487
0.00826944978086
0.00824273678363
0.00821116608568
0.00817471760406
0.00813337390259
0.00808712022267
0.00803594451281
0.00797983745678
0.00791879250036
0.00785280587668
0.00778187663014
0.00770600663878
0.00762520063528
0.00753946622630
0.00744881391039
0.00735325709431
0.00725281210769
0.00714749821620
0.00703733763300
0.00692235552858
0.00680258003894
0.00667804227209
0.00654877631281
0.00641481922575
0.00627621105679
0.00613299483258
0.00598521655846
0.00583292521448
0.00567617274973
0.00551501407486
0.00534950705272
0.00517971248733
0.00500569411097
0.00482751856940
0.00464525540532
0.00445897704001
0.00426875875312
0.00407467866058
0.00387681769075
0.00367525955870
0.00347009073868
0.00326140043471
0.00304928054944
0.00283382565109
0.00261513293863
0.00239330220516
0.00216843579948
0.00194063858584
0.00171001790199
0.00147668351538
0.00124074757767
0.00100232457747
0.00076153129137
0.00051848673326
0.00027331210195
0.00002613072717
-0.00022293198618
-0.00047374861529
-0.00072618977837
-0.00098012419519
-0.00123541874913
-0.00149193855075
-0.00174954700294
-0.00200810586748
-0.00226747533307
-0.00252751408480
-0.00278807937500
-0.00304902709543
-0.00331021185079
-0.00357148703360
-0.00383270490019
-0.00409371664806
-0.00435437249434
-0.00461452175537
-0.00487401292750
-0.00513269376879
-0.00539041138191
-0.00564701229788
-0.00590234256085
-0.00615624781368
-0.00640857338451
-0.00665916437398
-0.00690786574331
-0.00715452240311
-0.00739897930277
-0.00764108152053
-0.00788067435414
-0.00811760341196
-0.00835171470464
-0.00858285473710
-0.00881087060098
-0.00903561006735
-0.00925692167972
-0.00947465484718
-0.00968865993784
-0.00989878837223
-0.01010489271681
-0.01030682677753
-0.01050444569319
-0.01069760602883
-0.01088616586883
-0.01106998490987
-0.01124892455355
-0.01142284799868
-0.01159162033318
-0.01175510862553
-0.01191318201566
-0.01206571180536
-0.01221257154796
-0.01235363713739
-0.01248878689648
-0.01261790166450
-0.01274086488372
-0.01285756268524
-0.01296788397370
-0.01307172051101
-0.01316896699907
-0.01325952116119
-0.01334328382250
-0.01342015898898
-0.01349005392522
-0.01355287923086
-0.01360854891556
-0.01365698047253
-0.01369809495054
-0.01373181702435
-0.01375807506352
-0.01377680119954
-0.01378793139123
-0.01379140548834
-0.01378716729340
-0.01377516462159
-0.01375534935876
-0.01372767751744
-0.01369210929089
-0.01364860910497
-0.01359714566805
-0.01353769201868
-0.01347022557104
-0.01339472815827
-0.01331118607341
-0.01321959010810
-0.01311993558887
-0.01301222241113
-0.01289645507059
-0.01277264269241
-0.01264079905766
-0.01250094262743
-0.01235309656425
-0.01219728875100
-0.01203355180719
-0.01186192310258
-0.01168244476818
-0.01149516370447
-0.01130013158704
-0.01109740486936
-0.01088704478288
-0.01066911733435
-0.01044369330032
-0.01021084821886
-0.00997066237845
-0.00972322080406
-0.00946861324035
-0.00920693413208
-0.00893828260163
-0.00866276242362
-0.00838048199675
-0.00809155431271
-0.00779609692223
-0.00749423189829
-0.00718608579644
-0.00687178961225
-0.00655147873597
-0.00622529290422
-0.00589337614900
-0.00555587674377
-0.00521294714671
-0.00486474394128
-0.00451142777388
-0.00415316328885
-0.00379011906064
-0.00342246752336
-0.00305038489754
-0.00267405111423
-0.00229364973657
-0.00190936787856
-0.00152139612141
-0.00112992842721
-0.00073516205020
-0.00033729744547
0.00006346182479
0.00046690918736
0.00087283515655
0.00128102743494
0.00169127101657
0.00210334829220
0.00251703915689
0.00293212111961
0.00334836941504
0.00376555711735
0.00418345525596
0.00460183293327
0.00502045744421
0.00543909439768
0.00585750783966
0.00627546037809
0.00669271330937
0.00710902674635
0.00752415974799
0.00793787045030
0.00834991619875
0.00876005368194
0.00916803906657
0.00957362813349
0.00997657641490
0.01037663933258
0.01077357233702
0.01116713104749
0.01155707139285
0.01194314975310
0.01232512310159
0.01270274914781
0.01307578648058
0.01344399471174
0.01380713462017
0.01416496829595
0.01451725928480
0.01486377273251
0.01520427552946
0.01553853645495
0.01586632632143
0.01618741811847
0.01650158715633
0.01680861120918
0.01710827065779
0.01740034863155
0.01768463114992
0.01796090726306
0.01822896919156
0.01848861246530
0.01873963606127
0.01898184254022
0.01921503818219
0.01943903312072
0.01965364147565
0.01985868148457
0.02005397563260
0.02023935078064
0.02041463829190
0.02057967415660
0.02073429911480
0.02087835877733
0.02101170374463
0.02113418972346
0.02124567764145
0.02134603375934
0.02143512978091
0.02151284296039
0.02157905620744
0.02163365818949
0.02167654343145
0.02170761241266
0.02172677166104
0.02173393384436
0.02172901785856
0.02171194891305
0.02168265861294
0.02164108503804
0.02158717281880
0.02152087320878
0.02144214415393
0.02135095035840
0.02124726334689
0.02113106152348
0.02100233022695
0.02086106178236
0.02070725554909
0.02054091796503
0.02036206258708
0.02017071012776
0.01996688848806
0.01975063278628
0.01952198538295
0.01928099590181
0.01902772124674
0.01876222561461
0.01848458050410
0.01819486472036
0.01789316437556
0.01757957288525
0.01725419096054
0.01691712659608
0.01656849505377
0.01620841884231
0.01583702769240
0.01545445852771
0.01506085543162
0.01465636960955
0.01424115934719
0.01381538996424
0.01337923376401
0.01293286997867
0.01247648471021
0.01201027086723
0.01153442809729
0.01104916271522
0.01055468762704
0.01005122224975
0.00953899242693
0.00901823034012
0.00848917441614
0.00795206923022
0.00740716540510
0.00685471950607
0.00629499393200
0.00572825680240
0.00515478184055
0.00457484825272
0.00398874060363
0.00339674868798
0.00279916739839
0.00219629658956
0.00158844093882
0.00097590980310
0.00035901707245
-0.00026191898001
-0.00088657585138
-0.00151462696571
-0.00214574183388
-0.00277958621673
-0.00341582229123
-0.00405410881968
-0.00469410132189
-0.00533545225022
-0.00597781116730
-0.00662082492659
-0.00726413785544
-0.00790739194073
-0.00855022701687
-0.00919228095619
-0.00983318986155
-0.01047258826110
-0.01111010930505
-0.01174538496441
-0.01237804623159
-0.01300772332266
-0.01363404588136
-0.01425664318453
-0.01487514434901
-0.01548917853981
-0.01609837517956
-0.01670236415895
-0.01730077604817
-0.01789324230926
-0.01847939550911
-0.01905886953320
-0.01963129979971
-0.02019632347414
-0.02075357968413
-0.02130270973446
-0.02184335732206
-0.02237516875092
-0.02289779314683
-0.02341088267168
-0.02391409273745
-0.02440708221944
-0.02488951366894
-0.02536105352492
-0.02582137232494
-0.02627014491477
-0.02670705065694
-0.02713177363794
-0.02754400287389
-0.02794343251468
-0.02832976204639
-0.02870269649189
-0.02906194660941
-0.02940722908916
-0.02973826674759
-0.03005478871946
-0.03035653064737
-0.03064323486874
-0.03091465060016
-0.03117053411883
-0.03141064894113
-0.03163476599816
-0.03184266380810
-0.03203412864522
-0.03220895470566
-0.03236694426954
-0.03250790785956
-0.03263166439583
-0.03273804134688
-0.03282687487672
-0.03289800998786
-0.03295130066021
-0.03298660998565
-0.03300381029835
-0.03300278330054
-0.03298342018385
-0.03294562174590
-0.03288929850221
-0.03281437079331
-0.03272076888691
-0.03260843307512
-0.03247731376648
-0.03232737157303
-0.03215857739195
-0.03197091248203
-0.03176436853467
-0.03153894773950
-0.03129466284442
-0.03103153721011
-0.03074960485885
-0.03044891051768
-0.03012950965573
-0.02979146851585
-0.02943486414026
-0.02905978439037
-0.02866632796059
-0.02825460438620
-0.02782473404515
-0.02737684815379
-0.02691108875653
-0.02642760870933
-0.02592657165712
-0.02540815200492
-0.02487253488290
-0.02431991610515
-0.02375050212226
-0.02316450996767
-0.02256216719781
-0.02194371182598
-0.02130939225001
-0.02065946717373
-0.01999420552219
-0.01931388635070
-0.01861879874764
-0.01790924173124
-0.01718552414004
-0.01644796451739
-0.01569689098979
-0.01493264113921
-0.01415556186940
-0.01336600926626
-0.01256434845222
-0.01175095343481
-0.01092620694943
-0.01009050029629
-0.00924423317165
-0.00838781349354
-0.00752165722169
-0.00664618817221
-0.00576183782661
-0.00486904513560
-0.00396825631759
-0.00305992465200
-0.00214451026740
-0.00122247992477
-0.00029430679572
0.00063952976408
0.00157854444613
0.00252224622505
0.00347013859898
0.00442171983438
0.00537648321519
0.00633391729606
0.00729350615973
0.00825472967830
0.00921706377835
0.01017998070969
0.01114294931772
0.01210543531919
0.01306690158125
0.01402680840368
0.01498461380405
0.01593977380588
0.01689174272942
0.01783997348503
0.01878391786905
0.01972302686185
0.02065675092810
0.02158454031893
0.02250584537600
0.02342011683708
0.02432680614330
0.02522536574758
0.02611524942429
0.02699591257994
0.02786681256464
0.02872740898427
0.02957716401314
0.03041554270695
0.03124201331595
0.03205604759805
0.03285712113170
0.03364471362852
0.03441830924526
0.03517739689510
0.03592147055808
0.03665002959040
0.03736257903252
0.03805862991581
0.03873769956761
0.03939931191451
0.04004299778366
0.04066829520194
0.04127474969286
0.04186191457091
0.04242935123330
0.04297662944884
0.04350332764379
0.04400903318452
0.04449334265686
0.04495586214184
0.04539620748778
0.04581400457847
0.04620888959730
0.04658050928723
0.04692852120634
0.04725259397881
0.04755240754124
0.04782765338409
0.04807803478808
0.04830326705543
0.04850307773572
0.04867720684630
0.04882540708703
0.04894744404923
0.04904309641870
0.04911215617266
0.04915442877042
0.04916973333779
0.04915790284489
0.04911878427736
0.04905223880083
0.04895814191851
0.04883638362172
0.04868686853333
0.04850951604394
0.04830426044072
0.04807105102872
0.04780985224466
0.04752064376300
0.04720342059427
0.04685819317548
0.04648498745257
0.04608384495482
0.04565482286110
0.04519799405792
0.04471344718916
0.04420128669745
0.04366163285710
0.04309462179851
0.04250040552410
0.04187915191551
0.04123104473226
0.04055628360158
0.03985508399959
0.03912767722364
0.03837431035583
0.03759524621772
0.03679076331612
0.03596115578004
0.03510673328871
0.03422782099072
0.03332475941419
0.03239790436811
0.03144762683470
0.03047431285294
0.02947836339317
0.02846019422285
0.02742023576351
0.02635893293891
0.02527674501432
0.02417414542725
0.02305162160938
0.02190967479990
0.02074881985027
0.01956958502046
0.01837251176678
0.01715815452129
0.01592708046290
0.01467986928034
0.01341711292682
0.01213941536686
0.01084739231496
0.00954167096658
0.00822288972124
0.00689169789808
0.00554875544384
0.00419473263344
0.00283030976327
0.00145617683734
0.00007303324638
-0.00131841255995
-0.00271744340757
-0.00412333373913
-0.00553534996163
-0.00695275080027
-0.00837478765852
-0.00980070498414
-0.01122974064102
-0.01266112628668
-0.01409408775521
-0.01552784544552
-0.01696161471476
-0.01839460627657
-0.01982602660413
-0.02125507833777
-0.02268096069689
-0.02410286989608
-0.02551999956511
-0.02693154117280
-0.02833668445430
-0.02973461784176
-0.03112452889808
-0.03250560475362
-0.03387703254552
-0.03523799985947
-0.03658769517378
-0.03792530830538
-0.03925003085763
-0.04056105666965
-0.04185758226701
-0.04313880731344
-0.04440393506336
-0.04565217281512
-0.04688273236446
-0.04809483045818
-0.04928768924767
-0.05046053674204
-0.05161260726065
-0.05274314188484
-0.05385138890845
-0.05493660428706
-0.05599805208562
-0.05703500492424
-0.05804674442182
-0.05903256163745
-0.05999175750909
-0.06092364328954
-0.06182754097919
-0.06270278375555
-0.06354871639912
-0.06436469571546
-0.06515009095317
-0.06590428421760
-0.06662667087992
-0.06731665998147
-0.06797367463296
-0.06859715240849
-0.06918654573401
-0.06974132226995
-0.07026096528801
-0.07074497404154
-0.07119286412963
-0.07160416785442
-0.07197843457151
-0.07231523103330
-0.07261414172486
-0.07287476919239
-0.07309673436376
-0.07327967686111
-0.07342325530527
-0.07352714761172
-0.07359105127799
-0.07361468366220
-0.07359778225266
-0.07354010492824
-0.07344143020935
-0.07330155749942
-0.07312030731653
-0.07289752151527
-0.07263306349840
-0.07232681841830
-0.07197869336803
-0.07158861756179
-0.07115654250471
-0.07068244215171
-0.07016631305543
-0.06960817450293
-0.06900806864123
-0.06836606059133
-0.06768223855082
-0.06695671388477
-0.06618962120493
-0.06538111843705
-0.06453138687628
-0.06364063123052
-0.06270907965163
-0.06173698375445
-0.06072461862354
-0.05967228280756
-0.05858029830122
-0.05744901051482
-0.05627878823121
-0.05507002355019
-0.05382313182035
-0.05253855155825
-0.05121674435491
-0.04985819476970
-0.04846341021147
-0.04703292080700
-0.04556727925683
-0.04406706067825
-0.04253286243580
-0.04096530395898
-0.03936502654739
-0.03773269316333
-0.03606898821172
-0.03437461730768
-0.03265030703155
-0.03089680467155
-0.02911487795416
-0.02730531476223
-0.02546892284090
-0.02360652949151
-0.02171898125348
-0.01980714357434
-0.01787190046795
-0.01591415416111
-0.01393482472860
-0.01193484971685
-0.00991518375627
-0.00787679816251
-0.00582068052668
-0.00374783429479
-0.00165927833645
0.00044395349690
0.00256081282411
0.00469023719662
0.00683115057068
0.00898246378946
0.01114307507466
0.01331187052755
0.01548772463923
0.01766950080976
0.01985605187619
0.02204622064898
0.02423884045680
0.02643273569942
0.02862672240831
0.03081960881498
0.03301019592651
0.03519727810824
0.03737964367327
0.03955607547849
0.04172535152690
0.04388624557596
0.04603752775163
0.04817796516795
0.05030632255168
0.05242136287192
0.05452184797420
0.05660653921898
0.05867419812404
0.06072358701059
0.06275346965277
0.06476261193019
0.06674978248322
0.06871375337074
0.07065330072994
0.07256720543802
0.07445425377529
0.07631323808939
0.07814295746041
0.07994221836640
0.08170983534913
0.08344463167963
0.08514544002315
0.08681110310340
0.08844047436552
0.09003241863753
0.09158581278996
0.09309954639321
0.09457252237246
0.09600365765960
0.09739188384204
0.09873614780785
0.10003541238712
0.10128865698895
0.10249487823400
0.10365309058201
0.10476232695411
0.10582163934956
0.10683009945658
0.10778679925683
0.10869085162345
0.10954139091203
0.11033757354449
0.11107857858526
0.11176360830965
0.11239188876400
0.11296267031726
0.11347522820377
0.11392886305688
0.11432290143309
0.11465669632642
0.11492962767277
0.11514110284378
0.11529055713021
0.11537745421421
0.11540128663043
0.11536157621561
0.11525787454635
0.11508976336483
0.11485685499219
0.11455879272933
0.11419525124481
0.11376593694967
0.11327058835893
0.11270897643943
0.11208090494388
0.11138621073086
0.11062476407049
0.10979646893563
0.10890126327837
0.10793911929160
0.10691004365543
0.10581407776836
0.10465129796289
0.10342181570552
0.10212577778085
0.10076336645972
0.09933479965113
0.09784033103790
0.09628025019585
0.09465488269634
0.09296459019217
0.09120977048658
0.08939085758532
0.08750832173162
0.08556266942410
0.08355444341732
0.08148422270506
0.07935262248626
0.07716029411337
0.07490792502330
0.07259623865073
0.07022599432386
0.06779798714252
0.06531304783858
0.06277204261874
0.06017587298960
0.05752547556512
0.05482182185631
0.05206591804338
0.04925880473023
0.04640155668135
0.04349528254123
0.04054112453625
0.03754025815917
0.03449389183633
0.03140326657747
0.02826965560853
0.02509436398725
0.02187872820189
0.01862411575301
0.01533192471862
0.01200358330268
0.00864054936712
0.00524430994763
0.00181638075320
-0.00164169435021
-0.00512834387192
-0.00864196924430
-0.01218094538609
-0.01574362128086
-0.01932832057056
-0.02293334216385
-0.02655696085907
-0.03019742798151
-0.03385297203490
-0.03752179936667
-0.04120209484690
-0.04489202256069
-0.04858972651348
-0.05229333134934
-0.05600094308177
-0.05971064983665
-0.06342052260731
-0.06712861602112
-0.07083296911750
-0.07453160613695
-0.07822253732074
-0.08190375972105
-0.08557325802110
-0.08922900536501
-0.09286896419701
-0.09649108710965
-0.10009331770070
-0.10367359143825
-0.10722983653382
-0.11075997482298
-0.11426192265310
-0.11773359177797
-0.12117289025873
-0.12457772337085
-0.12794599451676
-0.13127560614359
-0.13456446066585
-0.13781046139239
-0.14101151345744
-0.14416552475521
-0.14727040687758
-0.15032407605469
-0.15332445409767
-0.15626946934342
-0.15915705760076
-0.16198516309767
-0.16475173942915
-0.16745475050519
-0.17009217149860
-0.17266198979204
-0.17516220592399
-0.17759083453312
-0.17994590530072
-0.18222546389059
-0.18442757288617
-0.18655031272425
-0.18859178262503
-0.19055010151787
-0.19242340896253
-0.19420986606527
-0.19590765638948
-0.19751498686037
-0.19903008866331
-0.20045121813532
-0.20177665764941
-0.20300471649122
-0.20413373172758
-0.20516206906661
-0.20608812370885
-0.20691032118910
-0.20762711820846
-0.20823700345628
-0.20873849842149
-0.20913015819295
-0.20941057224853
-0.20957836523228
-0.20963219771957
-0.20957076696966
-0.20939280766530
-0.20909709263910
-0.20868243358619
-0.20814768176288
-0.20749172867090
-0.20671350672688
-0.20581198991682
-0.20478619443495
-0.20363517930704
-0.20235804699737
-0.20095394399944
-0.19942206140987
-0.19776163548522
-0.19597194818150
-0.19405232767597
-0.19200214887102
-0.18982083387987
-0.18750785249365
-0.18506272262983
-0.18248501076160
-0.17977433232790
-0.17693035212406
-0.17395278467259
-0.17084139457405
-0.16759599683769
-0.16421645719179
-0.16070269237325
-0.15705467039656
-0.15327241080170
-0.14935598488094
-0.14530551588435
-0.14112117920386
-0.13680320253570
-0.13235186602116
-0.12776750236548
-0.12305049693475
-0.11820128783079
-0.11322036594383
-0.10810827498300
-0.10286561148437
-0.09749302479680
-0.09199121704515
-0.08636094307115
-0.08060301035166
-0.07471827889446
-0.06870766111141
-0.06257212166910
-0.05631267731695
-0.04993039669269
-0.04342640010549
-0.03680185929642
-0.03005799717665
-0.02319608754321
-0.01621745477245
-0.00912347349130
-0.00191556822637
0.00540478696891
0.01283606890915
0.02037670569362
0.02802507714458
0.03577951526706
0.04363830473011
0.05159968336923
0.05966184270985
0.06782292851171
0.07608104133388
0.08443423712027
0.09288052780547
0.10141788194059
0.11004422533891
0.11875744174118
0.12755537350022
0.13643582228464
0.14539654980132
0.15443527853652
0.16354969251517
0.17273743807822
0.18199612467758
0.19132332568847
0.20071657923883
0.21017338905537
0.21969122532613
0.22926752557895
0.23889969557577
0.24858511022215
0.25832111449182
0.26810502436587
0.27793412778605
0.28780568562205
0.29771693265209
0.30766507855664
0.31764730892476
0.32766078627261
0.33770265107387
0.34777002280144
0.35786000098017
0.36796966625002
0.37809608143938
0.38823629264800
0.39838733033900
0.40854621043978
0.41870993545098
0.42887549556341
0.43903986978223
0.44920002705793
0.45935292742380
0.46949552313919
0.47962475983823
0.48973757768348
0.49983091252399
0.50990169705728
0.51994686199484
0.52996333723048
0.53994805301126
0.54989794111019
0.55980993600057
0.56968097603115
0.57950800460176
0.58928797133890
0.59901783327072
0.60869455600095
0.61831511488126
0.62787649618151
0.63737569825737
0.64680973271495
0.65617562557171
0.66547041841331
0.67469116954591
0.68383495514324
0.69289887038818
0.70188003060819
0.71077557240413
0.71958265477202
0.72829846021719
0.73692019586043
0.74544509453553
0.75387041587782
0.76219344740324
0.77041150557735
0.77852193687403
0.78652211882317
0.79440946104701
0.80218140628475
0.80983543140477
0.81736904840423
0.82477980539547
0.83206528757888
0.83922311820169
0.84625095950235
0.85314651364011
0.85990752360931
0.86653177413794
0.87301709257027
0.87936134973294
0.88556246078426
0.89161838604629
0.89752713181937
0.90328675117868
0.90889534475260
0.91435106148231
0.91965209936259
0.92479670616316
0.92978318013059
0.93460987067010
0.93927517900733
0.94377755882942
0.94811551690542
0.95228761368557
0.95629246387922
0.96012873701124
0.96379515795646
0.96729050745218
0.97061362258822
0.97376339727456
0.97673878268623
0.97953878768519
0.98216247921922
0.98460898269738
0.98687748234214
0.98896722151781
0.99087750303524
0.99260768943256
0.99415720323204
0.99552552717265
0.99671220441847
0.99771683874278
0.99853909468765
0.99917869769916
0.99963543423796
0.99990915186533
0.99999975930453
0.99990722647757
0.99963158451722
0.99917292575438
0.99853140368080
0.99770723288708
0.99670068897608
0.99551210845175
0.99414188858336
0.99259048724527
0.99085842273233
0.98894627355090
0.98685467818566
0.98458433484224
0.98213600116589
0.97951049393626
0.97670868873833
0.97373151960984
0.97057997866519
0.96725511569609
0.96375803774910
0.96008990868017
0.95625194868660
0.95224543381634
0.94807169545507
0.94373211979118
0.93922814725893
0.93456127196000
0.92973304106373
0.92474505418628
0.91959896274901
0.91429646931634
0.90883932691341
0.90322933832384
0.89746835536785
0.89155827816112
0.88550105435475
0.87929867835650
0.87295319053382
0.86646667639899
0.85984126577663
0.85307913195407
0.84618249081487
0.83915359995590
0.83199475778844
0.82470830262354
0.81729661174221
0.80976210045069
0.80210722112143
0.79433446221988
0.78644634731793
0.77844543409401
0.77033431332064
0.76211560783964
0.75379197152559
0.74536608823786
0.73684067076187
0.72821845973983
0.71950222259153
0.71069475242568
0.70179886694224
0.69281740732615
0.68375323713311
0.67460924116772
0.66538832435459
0.65609341060283
0.64672744166451
0.63729337598746
0.62779418756302
0.61823286476918
0.60861240920967
0.59893583454936
0.58920616534671
0.57942643588350
0.56959968899263
0.55972897488421
0.54981734997069
0.53986787569141
0.52988361733704
0.51986764287457
0.50982302177318
0.49975282383160
0.48966011800743
0.47954797124894
0.46941944732981
0.45927760568734
0.44912550026460
0.43896617835703
0.42880267946401
0.41863803414581
0.40847526288642
0.39831737496287
0.38816736732129
0.37802822346042
0.36790291232280
0.35779438719434
0.34770558461260
0.33763942328417
0.32759880301180
0.31758660363158
0.30760568396058
0.29765888075556
0.28774900768297
0.27787885430085
0.26805118505291
0.25826873827525
0.24853422521620
0.23885032906953
0.22921970402157
0.21964497431250
0.21012873331232
0.20067354261171
0.19128193112835
0.18195639422886
0.17269939286678
0.16351335273703
0.15440066344700
0.14536367770474
0.13640471052456
0.12752603845019
0.11872989879604
0.11001848890665
0.10139396543473
0.09285844363802
0.08441399669520
0.07606265504123
0.06780640572222
0.05964719177009
0.05158691159742
0.04362741841244
0.03577051965460
0.02801797645073
0.02037150309219
0.01283276653297
0.00540338590907
-0.00191506792076
-0.00912107281276
-0.01621315575418
-0.02318989325757
-0.03004991173308
-0.03679188783880
-0.04341454880888
-0.04991667275955
-0.05629708897274
-0.06255467815741
-0.06868837268838
-0.07469715682282
-0.08058006689405
-0.08633619148300
-0.09196467156696
-0.09746470064591
-0.10283552484616
-0.10807644300158
-0.11318680671222
-0.11816602038049
-0.12301354122496
-0.12772887927162
-0.13231159732304
-0.13676131090509
-0.14107768819167
-0.14526044990723
-0.14930936920747
-0.15322427153810
-0.15700503447192
-0.16065158752436
-0.16416391194747
-0.16754204050274
-0.17078605721274
-0.17389609709178
-0.17687234585586
-0.17971503961198
-0.18242446452710
-0.18500095647692
-0.18744490067467
-0.18975673128020
-0.19193693098952
-0.19398603060515
-0.19590460858738
-0.19769329058683
-0.19935274895847
-0.20088370225750
-0.20228691471721
-0.20356319570929
-0.20471339918666
-0.20573842310940
-0.20663920885386
-0.20741674060534
-0.20807204473474
-0.20860618915937
-0.20902028268843
-0.20931547435330
-0.20949295272315
-0.20955394520618
-0.20949971733682
-0.20933157204927
-0.20905084893777
-0.20865892350395
-0.20815720639172
-0.20754714260987
-0.20683021074312
-0.20600792215163
-0.20508182015971
-0.20405347923384
-0.20292450415067
-0.20169652915521
-0.20037121710967
-0.19895025863351
-0.19743537123488
-0.19582829843408
-0.19413080887933
-0.19234469545535
-0.19047177438517
-0.18851388432554
-0.18647288545650
-0.18435065856534
-0.18214910412567
-0.17987014137170
-0.17751570736852
-0.17508775607847
-0.17258825742432
-0.17001919634958
-0.16738257187630
-0.16468039616099
-0.16191469354890
-0.15908749962725
-0.15620086027774
-0.15325683072884
-0.15025747460825
-0.14720486299601
-0.14410107347864
-0.14094818920478
-0.13774829794271
-0.13450349114023
-0.13121586298728
-0.12788750948175
-0.12452052749885
-0.12111701386450
-0.11767906443313
-0.11420877317032
-0.11070823124059
-0.10717952610094
-0.10362474060024
-0.10004595208518
-0.09644523151292
-0.09282464257093
-0.08918624080444
-0.08553207275169
-0.08186417508766
-0.07818457377623
-0.07449528323158
-0.07079830548877
-0.06709562938412
-0.06338922974564
-0.05968106659381
-0.05597308435309
-0.05226721107448
-0.04856535766939
-0.04486941715519
-0.04118126391274
-0.03750275295614
-0.03383571921504
-0.03018197682980
-0.02654331845972
-0.02292151460462
-0.01931831294013
-0.01573543766679
-0.01217458887329
-0.00863744191408
-0.00512564680159
-0.00164082761327
0.00181541808638
0.00524151980853
0.00863593468723
0.01199714801113
0.01532367373926
0.01861405500092
0.02186686457936
0.02508070537923
0.02825421087747
0.03138604555775
0.03447490532801
0.03751951792133
0.04051864327971
0.04347107392084
0.04637563528767
0.04923118608078
0.05203661857332
0.05479085890866
0.05749286738047
0.06014163869534
0.06273620221777
0.06527562219761
0.06775899797984
0.07018546419668
0.07255419094205
0.07486438392836
0.07711528462563
0.07930617038296
0.08143635453236
0.08350518647502
0.08551205174999
0.08745637208537
0.08933760543202
0.09115524597994
0.09290882415726
0.09459790661206
0.09622209617702
0.09778103181700
0.09927438855973
0.10070187740959
0.10206324524477
0.10335827469778
0.10458678401951
0.10574862692706
0.10684369243534
0.10787190467266
0.10883322268057
0.10972764019800
0.11055518542984
0.11131592080037
0.11200994269146
0.11263738116594
0.11319839967621
0.11369319475841
0.11412199571231
0.11448506426712
0.11478269423348
0.11501521114198
0.11518297186813
0.11528636424446
0.11532580665960
0.11530174764489
0.11521466544861
0.11506506759817
0.11485349045052
0.11458049873106
0.11424668506133
0.11385266947570
0.11339909892754
0.11288664678489
0.11231601231619
0.11168792016616
0.11100311982233
0.11026238507234
0.10946651345245
0.10861632568753
0.10771266512287
0.10675639714805
0.10574840861335
0.10468960723885
0.10358092101663
0.10242329760649
0.10121770372527
0.09996512453042
0.09866656299787
0.09732303929476
0.09593559014715
0.09450526820328
0.09303314139253
0.09152029228051
0.08996781742061
0.08837682670231
0.08674844269666
0.08508379999918
0.08338404457064
0.08165033307588
0.07988383222125
0.07808571809072
0.07625717548131
0.07439939723789
0.07251358358787
0.07060094147604
0.06866268389990
0.06670002924582
0.06471420062638
0.06270642521910
0.06067793360709
0.05862995912171
0.05656373718778
0.05448050467143
0.05238149923113
0.05026795867203
0.04814112030400
0.04600222030369
0.04385249308084
0.04169317064921
0.03952548200239
0.03735065249477
0.03516990322793
0.03298445044289
0.03079550491818
0.02860427137444
0.02641194788531
0.02421972529540
0.02202878664512
0.01984030660302
0.01765545090556
0.01547537580483
0.01330122752430
0.01113414172281
0.00897524296719
0.00682564421356
0.00468644629764
0.00255873743423
0.00044359272611
-0.00165792631756
-0.00374477225290
-0.00581591216313
-0.00787032811016
-0.00990701757585
-0.01192499389281
-0.01392328666442
-0.01590094217412
-0.01785702378370
-0.01979061232039
-0.02170080645273
-0.02358672305507
-0.02544749756044
-0.02728228430185
-0.02909025684184
-0.03087060829002
-0.03262255160882
-0.03434531990704
-0.03603816672130
-0.03770036628523
-0.03933121378636
-0.04093002561066
-0.04249613957455
-0.04402891514457
-0.04552773364434
-0.04699199844905
-0.04842113516732
-0.04981459181038
-0.05117183894861
-0.05249236985542
-0.05377570063840
-0.05502137035784
-0.05622894113253
-0.05739799823289
-0.05852815016148
-0.05961902872091
-0.06067028906903
-0.06168160976174
-0.06265269278318
-0.06358326356346
-0.06447307098405
-0.06532188737078
-0.06612950847457
-0.06689575344000
-0.06762046476174
-0.06830350822892
-0.06894477285766
-0.06954417081165
-0.07010163731106
-0.07061713052983
-0.07109063148145
-0.07152214389330
-0.07191169406980
-0.07225933074442
-0.07256512492063
-0.07282916970209
-0.07305158011205
-0.07323249290227
-0.07337206635152
-0.07347048005379
-0.07352793469649
-0.07354465182874
-0.07352087361993
-0.07345686260870
-0.07335290144256
-0.07320929260841
-0.07302635815394
-0.07280443940035
-0.07254389664638
-0.07224510886404
-0.07190847338605
-0.07153440558538
-0.07112333854694
-0.07067572273182
-0.07019202563405
-0.06967273143037
-0.06911834062303
-0.06852936967593
-0.06790635064432
-0.06724983079829
-0.06656037224029
-0.06583855151687
-0.06508495922490
-0.06430019961259
-0.06348489017539
-0.06263966124712
-0.06176515558657
-0.06086202795978
-0.05993094471825
-0.05897258337330
-0.05798763216695
-0.05697678963934
-0.05594076419318
-0.05488027365533
-0.05379604483578
-0.05268881308434
-0.05155932184514
-0.05040832220947
-0.04923657246681
-0.04804483765472
-0.04683388910746
-0.04560450400390
-0.04435746491472
-0.04309355934930
-0.04181357930250
-0.04051832080152
-0.03920858345315
-0.03788516999166
-0.03654888582744
-0.03520053859685
-0.03384093771325
-0.03247089391969
-0.03109121884327
-0.02970272455163
-0.02830622311156
-0.02690252615015
-0.02549244441854
-0.02407678735868
-0.02265636267308
-0.02123197589798
-0.01980442998002
-0.01837452485666
-0.01694305704058
-0.01551081920821
-0.01407859979261
-0.01264718258090
-0.01121734631648
-0.00978986430609
-0.00836550403207
-0.00694502676986
-0.00552918721101
-0.00411873309177
-0.00271440482762
-0.00131693515364
0.00007295122889
0.00145453799961
0.00282711755973
0.00418999136614
0.00554247025867
0.00688387478055
0.00821353549183
0.00953079327557
0.01083499963687
0.01212551699438
0.01340171896437
0.01466299063710
0.01590872884548
0.01713834242590
0.01835125247107
0.01954689257481
0.02072470906877
0.02188416125089
0.02302472160555
0.02414587601539
0.02524712396464
0.02632797873403
0.02738796758699
0.02842663194741
0.02944352756856
0.03043822469338
0.03141030820603
0.03235937777458
0.03328504798495
0.03418694846591
0.03506472400530
0.03591803465734
0.03674655584100
0.03754997842951
0.03832800883098
0.03908036906004
0.03980679680073
0.04050704546036
0.04118088421460
0.04182809804372
0.04244848776000
0.04304187002641
0.04360807736645
0.04414695816544
0.04465837666297
0.04514221293696
0.04559836287898
0.04602673816119
0.04642726619483
0.04679989008032
0.04714456854915
0.04746127589745
0.04775000191154
0.04801075178532
0.04824354602985
0.04844842037490
0.04862542566283
0.04877462773478
0.04889610730931
0.04898995985350
0.04905629544679
0.04909523863754
0.04910692829248
0.04909151743915
0.04904917310145
0.04898007612851
0.04888442101684
0.04876241572607
0.04861428148830
0.04844025261126
0.04824057627536
0.04801551232489
0.04776533305330
0.04749032298304
0.04719077863969
0.04686700832098
0.04651933186047
0.04614808038631
0.04575359607508
0.04533623190099
0.04489635138049
0.04443432831256
0.04395054651475
0.04344539955522
0.04291929048090
0.04237263154195
0.04180584391267
0.04121935740913
0.04061361020352
0.03998904853557
0.03934612642109
0.03868530535791
0.03800705402925
0.03731184800489
0.03660016944012
0.03587250677280
0.03512935441863
0.03437121246480
0.03359858636229
0.03281198661682
0.03201192847882
0.03119893163253
0.03037351988426
0.02953622085028
0.02868756564424
0.02782808856439
0.02695832678090
0.02607882002320
0.02519011026775
0.02429274142627
0.02338725903465
0.02247420994266
0.02155414200475
0.02062760377192
0.01969514418503
0.01875731226946
0.01781465683161
0.01686772615707
0.01591706771080
0.01496322783948
0.01400675147609
0.01304818184696
0.01208806018137
0.01112692542387
0.01016531394950
0.00920375928204
0.00824279181535
0.00728293853802
0.00632472276150
0.00536866385173
0.00441527696445
0.00346507278435
0.00251855726815
0.00157623139176
0.00063859090153
-0.00029387393011
-0.00122067854465
-0.00214134433300
-0.00305539886637
-0.00396237612238
-0.00486181670647
-0.00575326806822
-0.00663628471284
-0.00751042840740
-0.00837526838202
-0.00923038152568
-0.01007535257672
-0.01090977430793
-0.01173324770614
-0.01254538214616
-0.01334579555924
-0.01413411459567
-0.01490997478175
-0.01567302067084
-0.01642290598864
-0.01715929377250
-0.01788185650479
-0.01859027624025
-0.01928424472732
-0.01996346352341
-0.02062764410403
-0.02127650796584
-0.02190978672345
-0.02252722220021
-0.02312856651261
-0.02371358214864
-0.02428204203985
-0.02483372962719
-0.02536843892070
-0.02588597455290
-0.02638615182599
-0.02686879675283
-0.02733374609178
-0.02778084737529
-0.02820995893234
-0.02862094990478
-0.02901370025747
-0.02938810078243
-0.02974405309687
-0.03008146963520
-0.03040027363505
-0.03070039911740
-0.03098179086071
-0.03124440436932
-0.03148820583592
-0.03171317209838
-0.03191929059080
-0.03210655928898
-0.03227498665028
-0.03242459154801
-0.03255540320036
-0.03266746109392
-0.03276081490197
-0.03283552439751
-0.03289165936113
-0.03292929948387
-0.03294853426500
-0.03294946290503
-0.03293219419379
-0.03289684639387
-0.03284354711938
-0.03277243321023
-0.03268365060189
-0.03257735419091
-0.03245370769610
-0.03231288351563
-0.03215506258009
-0.03198043420157
-0.03178919591900
-0.03158155333967
-0.03135771997723
-0.03111791708617
-0.03086237349286
-0.03059132542342
-0.03030501632835
-0.03000369670418
-0.02968762391217
-0.02935706199418
-0.02901228148595
-0.02865355922772
-0.02828117817244
-0.02789542719169
-0.02749660087938
-0.02708499935335
-0.02666092805504
-0.02622469754737
-0.02577662331085
-0.02531702553814
-0.02484622892716
-0.02436456247288
-0.02387235925788
-0.02336995624183
-0.02285769405004
-0.02233591676116
-0.02180497169416
-0.02126520919478
-0.02071698242144
-0.02016064713092
-0.01959656146370
-0.01902508572932
-0.01844658219173
-0.01786141485475
-0.01726994924791
-0.01667255221253
-0.01606959168848
-0.01546143650142
-0.01484845615087
-0.01423102059911
-0.01360950006109
-0.01298426479533
-0.01235568489617
-0.01172413008718
-0.01108996951608
-0.01045357155119
-0.00981530357940
-0.00917553180608
-0.00853462105662
-0.00789293458003
-0.00725083385459
-0.00660867839558
-0.00596682556529
-0.00532563038534
-0.00468544535144
-0.00404662025066
-0.00340950198133
-0.00277443437554
-0.00214175802457
-0.00151181010703
-0.00088492422003
-0.00026143021334
0.00035834597335
0.00097408247000
0.00158546163256
0.00219217019597
0.00279389942381
0.00339034525449
0.00398120844391
0.00456619470461
0.00514501484126
0.00571738488244
0.00628302620873
0.00684166567696
0.00739303574073
0.00793687456691
0.00847292614832
0.00900094041237
0.00952067332578
0.01003188699519
0.01053434976369
0.01102783630333
0.01151212770337
0.01198701155449
0.01245228202876
0.01290773995537
0.01335319289223
0.01378845519324
0.01421334807137
0.01462769965745
0.01503134505467
0.01542412638887
0.01580589285447
0.01617650075615
0.01653581354629
0.01688370185807
0.01722004353431
0.01754472365211
0.01785763454318
0.01815867580991
0.01844775433735
0.01872478430078
0.01898968716934
0.01924239170527
0.01948283395919
0.01971095726120
0.01992671220787
0.02013005664528
0.02032095564794
0.02049938149382
0.02066531363541
0.02081873866686
0.02095965028732
0.02108804926039
0.02120394336987
0.02130734737180
0.02139828294274
0.02147677862455
0.02154286976551
0.02159659845800
0.02163801347268
0.02166717018933
0.02168413052426
0.02168896285459
0.02168174193917
0.02166254883648
0.02163147081934
0.02158860128674
0.02153403967258
0.02146789135168
0.02139026754284
0.02130128520933
0.02120106695659
0.02108974092743
0.02096744069467
0.02083430515143
0.02069047839895
0.02053610963227
0.02037135302362
0.02019636760371
0.02001131714107
0.01981637001931
0.01961169911261
0.01939748165940
0.01917389913432
0.01894113711858
0.01869938516876
0.01844883668421
0.01818968877303
0.01792214211680
0.01764640083414
0.01736267234311
0.01707116722261
0.01677209907287
0.01646568437504
0.01615214235007
0.01583169481687
0.01550456604989
0.01517098263622
0.01483117333220
0.01448536891977
0.01413380206253
0.01377670716162
0.01341432021156
0.01304687865602
0.01267462124377
0.01229778788471
0.01191661950615
0.01153135790951
0.01114224562731
0.01074952578073
0.01035344193769
0.00995423797163
0.00955215792093
0.00914744584921
0.00874034570649
0.00833110119124
0.00791995561352
0.00750715175920
0.00709293175531
0.00667753693669
0.00626120771390
0.00584418344251
0.00542670229386
0.00500900112726
0.00459131536389
0.00417387886216
0.00375692379492
0.00334068052837
0.00292537750270
0.00251124111480
0.00209849560266
0.00168736293197
0.00127806268459
0.00087081194923
0.00046582521417
0.00006331426224
-0.00033651193203
-0.00073344730290
-0.00112728879169
-0.00151783644261
-0.00190489349621
-0.00228826648039
-0.00266776529891
-0.00304320331745
-0.00341439744702
-0.00378116822489
-0.00414333989280
-0.00450074047266
-0.00485320183946
-0.00520055979159
-0.00554265411833
-0.00587932866475
-0.00621043139371
-0.00653581444518
-0.00685533419272
-0.00716885129718
-0.00747623075756
-0.00777734195908
-0.00807205871833
-0.00836025932564
-0.00864182658460
-0.00891664784869
-0.00918461505501
-0.00944562475526
-0.00969957814375
-0.00994638108263
-0.01018594412417
-0.01041818253031
-0.01064301628927
-0.01086037012937
-0.01107017353001
-0.01127236072988
-0.01146687073230
-0.01165364730784
-0.01183263899415
-0.01200379909305
-0.01216708566488
-0.01232246152016
-0.01246989420855
-0.01260935600517
-0.01274082389427
-0.01286427955029
-0.01297970931636
-0.01308710418025
-0.01318645974777
-0.01327777621371
-0.01336105833036
-0.01343631537350
-0.01350356110615
-0.01356281373990
-0.01361409589389
-0.01365743455163
-0.01369286101551
-0.01372041085914
-0.01374012387755
-0.01375204403535
-0.01375621941270
-0.01375270214939
-0.01374154838691
-0.01372281820859
-0.01369657557790
-0.01366288827490
-0.01362182783094
-0.01357346946163
-0.01351789199811
-0.01345517781677
-0.01338541276734
-0.01330868609947
-0.01322509038787
-0.01313472145607
-0.01303767829873
-0.01293406300274
-0.01282398066705
-0.01270753932129
-0.01258484984330
-0.01245602587551
-0.01232118374036
-0.01218044235475
-0.01203392314356
-0.01188174995233
-0.01172404895912
-0.01156094858567
-0.01139257940788
-0.01121907406561
-0.01104056717200
-0.01085719522217
-0.01066909650161
-0.01047641099403
-0.01027928028896
-0.01007784748904
-0.00987225711710
-0.00966265502304
-0.00944918829061
-0.00923200514416
-0.00901125485533
-0.00878708764981
-0.00855965461427
-0.00832910760333
-0.00809559914684
-0.00785928235741
-0.00762031083817
-0.00737883859106
-0.00713501992536
-0.00688900936687
-0.00664096156743
-0.00639103121518
-0.00613937294533
-0.00588614125164
-0.00563149039859
-0.00537557433435
-0.00511854660452
-0.00486056026675
-0.00460176780624
-0.00434232105217
-0.00408237109517
-0.00382206820571
-0.00356156175366
-0.00330100012890
-0.00304053066306
-0.00278029955251
-0.00252045178247
-0.00226113105246
-0.00200247970300
-0.00174463864362
-0.00148774728226
-0.00123194345605
-0.00097736336345
-0.00072414149794
-0.00047241058313
-0.00022230150932
0.00002605672826
0.00027253708985
0.00051701454979
0.00075936615366
0.00099947107378
0.00123721066305
0.00147246850708
0.00170513047475
0.00193508476692
0.00216222196356
0.00238643506905
0.00260761955575
0.00282567340587
0.00304049715148
0.00325199391280
0.00346006943467
0.00366463212120
0.00386559306867
0.00406286609657
0.00425636777679
0.00444601746110
0.00463173730666
0.00481345229981
0.00499109027799
0.00516458194983
0.00533386091341
0.00549886367273
0.00565952965234
0.00581580121012
0.00596762364830
0.00611494522268
0.00625771715003
0.00639589361370
0.00652943176748
0.00665829173770
0.00678243662356
0.00690183249570
0.00701644839310
0.00712625631827
0.00723123123063
0.00733135103841
0.00742659658871
0.00751695165600
0.00760240292903
0.00768293999604
0.00775855532848
0.00782924426315
0.00789500498275
0.00795583849499
0.00801174861015
0.00806274191723
0.00810882775861
0.00815001820333
0.00818632801897
0.00821777464217
0.00824437814782
0.00826616121694
0.00828314910334
0.00829536959890
0.00830285299784
0.00830563205958
0.00830374197063
0.00829722030529
0.00828610698522
0.00827044423803
0.00825027655479
0.00822565064658
0.00819661540008
0.00816322183224
0.00812552304401
0.00808357417333
0.00803743234715
0.00798715663281
0.00793280798859
0.00787444921353
0.00781214489665
0.00774596136546
0.00767596663386
0.00760223034953
0.00752482374072
0.00744381956259
0.00735929204304
0.00727131682811
0.00717997092709
0.00708533265711
0.00698748158753
0.00688649848403
0.00678246525238
0.00667546488211
0.00656558138986
0.00645289976272
0.00633750590140
0.00621948656330
0.00609892930559
0.00597592242827
0.00585055491726
0.00572291638750
0.00559309702626
0.00546118753646
0.00532727908021
0.00519146322257
0.00505383187543
0.00491447724179
0.00477349176022
0.00463096804968
0.00448699885467
0.00434167699078
0.00419509529068
0.00404734655042
0.00389852347636
0.00374871863249
0.00359802438828
0.00344653286710
0.00329433589523
0.00314152495139
0.00298819111702
0.00283442502706
0.00268031682155
0.00252595609778
0.00237143186331
0.00221683248958
0.00206224566640
0.00190775835716
0.00175345675485
0.00159942623891
0.00144575133292
0.00129251566317
0.00113980191804
0.00098769180834
0.00083626602854
0.00068560421889
0.00053578492853
0.00038688557952
0.00023898243184
0.00009215054937
-0.00005353623311
-0.00019800534201
-0.00034118549589
-0.00048300673547
-0.00062340045260
-0.00076229941819
-0.00089963780907
-0.00103535123385
-0.00116937675766
-0.00130165292585
-0.00143211978666
-0.00156071891273
-0.00168739342162
-0.00181208799521
-0.00193474889800
-0.00205532399437
-0.00217376276473
-0.00229001632059
-0.00240403741855
-0.00251578047319
-0.00262520156893
-0.00273225847076
-0.00283691063390
-0.00293911921247
-0.00303884706693
-0.00313605877065
-0.00323072061530
-0.00332280061523
-0.00341226851080
-0.00349909577068
-0.00358325559316
-0.00366472290636
-0.00374347436751
-0.00381948836121
-0.00389274499667
-0.00396322610401
-0.00403091522957
-0.00409579763029
-0.00415786026713
-0.00421709179755
-0.00427348256710
-0.00432702460008
-0.00437771158935
-0.00442553888520
-0.00447050348342
-0.00451260401253
-0.00455184072009
-0.00458821545832
-0.00462173166885
-0.00465239436668
-0.00468021012342
-0.00470518704975
-0.00472733477719
-0.00474666443910
-0.00476318865103
-0.00477692149041
-0.00478787847553
-0.00479607654390
-0.00480153403006
-0.00480427064266
-0.00480430744109
-0.00480166681148
-0.00479637244213
-0.00478844929855
-0.00477792359782
-0.00476482278261
-0.00474917549469
-0.00473101154797
-0.00471036190118
-0.00468725863009
-0.00466173489943
-0.00463382493432
-0.00460356399154
-0.00457098833029
-0.00453613518283
-0.00449904272469
-0.00445975004475
-0.00441829711500
-0.00437472476009
-0.00432907462677
-0.00428138915302
-0.00423171153713
-0.00418008570661
-0.00412655628696
-0.00407116857040
-0.00401396848445
-0.00395500256051
-0.00389431790241
-0.00383196215484
-0.00376798347195
-0.00370243048580
-0.00363535227492
-0.00356679833299
-0.00349681853743
-0.00342546311826
-0.00335278262693
-0.00327882790535
-0.00320365005505
-0.00312730040647
-0.00304983048844
-0.00297129199789
-0.00289173676972
-0.00281121674687
-0.00272978395073
-0.00264749045168
-0.00256438833998
-0.00248052969692
-0.00239596656625
-0.00231075092593
-0.00222493466023
-0.00213856953211
-0.00205170715596
-0.00196439897079
-0.00187669621364
-0.00178864989348
-0.00170031076551
-0.00161172930578
-0.00152295568631
-0.00143403975059
-0.00134503098952
-0.00125597851784
-0.00116693105094
-0.00107793688216
-0.00098904386059
-0.00090029936935
-0.00081175030425
-0.00072344305309
-0.00063542347537
-0.00054773688250
-0.00046042801858
-0.00037354104162
-0.00028711950534
-0.00020120634148
-0.00011584384260
-0.00003107364547
0.00005306328503
0.00013652667147
0.00021927693892
0.00030127522936
0.00038248341567
0.00046286411497
0.00054238070148
0.00062099731876
0.00069867889147
0.00077539113654
0.00085110057380
0.00092577453606
0.00099938117861
0.00107188948824
0.00114326929165
0.00121349126335
0.00128252693299
0.00135034869218
0.00141692980074
0.00148224439247
0.00154626748029
0.00160897496098
0.00167034361929
0.00173035113157
0.00178897606892
0.00184619789975
0.00190199699191
0.00195635461428
0.00200925293787
0.00206067503644
0.00211060488664
0.00215902736764
0.00220592826033
0.00225129424605
0.00229511290481
0.00233737271316
0.00237806304150
0.00241717415103
0.00245469719028
0.00249062419114
0.00252494806454
0.00255766259574
0.00258876243915
0.00261824311284
0.00264610099258
0.00267233330560
0.00269693812393
0.00271991435739
0.00274126174624
0.00276098085350
0.00277907305691
0.00279554054060
0.00281038628644
0.00282361406508
0.00283522842669
0.00284523469145
0.00285363893970
0.00286044800190
0.00286566944827
0.00286931157823
0.00287138340953
0.00287189466726
0.00287085577253
0.00286827783101
0.00286417262122
0.00285855258266
0.00285143080376
0.00284282100960
0.00283273754956
0.00282119538470
0.00280821007507
0.00279379776686
0.00277797517941
0.00276075959212
0.00274216883121
0.00272222125641
0.00270093574750
0.00267833169089
0.00265442896591
0.00262924793126
0.00260280941120
0.00257513468182
0.00254624545720
0.00251616387551
0.00248491248513
0.00245251423075
0.00241899243934
0.00238437080627
0.00234867338133
0.00231192455473
0.00227414904321
0.00223537187604
0.00219561838117
0.00215491417131
0.00211328513009
0.00207075739828
0.00202735735999
0.00198311162899
0.00193804703506
0.00189219061042
0.00184556957619
0.00179821132897
0.00175014342747
0.00170139357925
0.00165198962751
0.00160195953804
0.00155133138617
0.00150013334391
0.00144839366716
0.00139614068302
0.00134340277725
0.00129020838180
0.00123658596247
0.00118256400676
0.00112817101174
0.00107343547212
0.00101838586845
0.00096305065543
0.00090745825036
0.00085163702175
0.00079561527807
0.00073942125659
0.00068308311248
0.00062662890792
0.00057008660147
0.00051348403755
0.00045684893603
0.00040020888208
0.00034359131604
0.00028702352358
0.00023053262590
0.00017414557019
0.00011788912015
0.00006178984674
0.00000587411908
-0.00004983190453
-0.00010530228539
-0.00016051131303
-0.00021543351370
-0.00027004365867
-0.00032431677239
-0.00037822814048
-0.00043175331760
-0.00048486813506
-0.00053754870838
-0.00058977144468
-0.00064151304980
-0.00069275053542
-0.00074346122593
-0.00079362276514
-0.00084321312289
-0.00089221060145
-0.00094059384181
-0.00098834182981
-0.00103543390207
-0.00108184975188
-0.00112756943477
-0.00117257337416
-0.00121684236661
-0.00126035758714
-0.00130310059428
-0.00134505333502
-0.00138619814962
-0.00142651777623
-0.00146599535548
-0.00150461443479
-0.00154235897266
-0.00157921334276
-0.00161516233789
-0.00165019117383
-0.00168428549307
-0.00171743136833
-0.00174961530604
-0.00178082424962
-0.00181104558270
-0.00184026713215
-0.00186847717100
-0.00189566442129
-0.00192181805667
-0.00194692770503
-0.00197098345085
-0.00199397583760
-0.00201589586985
-0.00203673501537
-0.00205648520704
-0.00207513884474
-0.00209268879698
-0.00210912840255
