-0.00212442590496
-0.00209276441669
-0.00205665869010
-0.00201616322217
-0.00197134002079
-0.00192225855072
-0.00186899567194
-0.00181163557014
-0.00175026967932
-0.00168499659645
-0.00161592198791
-0.00154315848775
-0.00146682558750
-0.00138704951744
-0.00130396311925
-0.00121770570971
-0.00112842293549
-0.00103626661878
-0.00094139459360
-0.00084397053264
-0.00074416376460
-0.00064214908169
-0.00053810653732
-0.00043222123386
-0.00032468310016
-0.00021568665909
-0.00010543078463
0.00000588155125
0.00011804354210
0.00023084482096
0.00034407174458
0.00045750768815
0.00057093335026
0.00068412706810
0.00079686514282
0.00090892217481
0.00102007140891
0.00113008508906
0.00123873482249
0.00134579195288
0.00145102794235
0.00155421476188
0.00165512528973
0.00175353371749
0.00184921596329
0.00194195009159
0.00203151673903
0.00211769954587
0.00220028559213
0.00227906583803
0.00235383556782
0.00242439483636
0.00249054891759
0.00255210875413
0.00260889140703
0.00266072050493
0.00270742669155
0.00274884807060
0.00278483064710
0.00281522876411
0.00283990553377
0.00285873326156
0.00287159386278
0.00287837926995
0.00287899183015
0.00287334469106
0.00286136217456
0.00284298013670
0.00281814631286
0.00278682064693
0.00274897560334
0.00270459646066
0.00265368158582
0.00259624268751
0.00253230504788
0.00246190773124
0.00238510376876
0.00230196031804
0.00221255879658
0.00211699498804
0.00201537912047
0.00190783591546
0.00179450460737
0.00167553893189
0.00155110708304
0.00142139163798
0.00128658944898
0.00114691150193
0.00100258274084
0.00085384185805
0.00070094104954
0.00054414573522
0.00038373424401
0.00021999746341
0.00005323845370
-0.00011622797327
-0.00028807571055
-0.00046196784758
-0.00063755719633
-0.00081448685181
-0.00099239078621
-0.00117089447628
-0.00134961556303
-0.00152816454312
-0.00170614549087
-0.00188315680996
-0.00205879201374
-0.00223264053276
-0.00240428854848
-0.00257331985151
-0.00273931672301
-0.00290186083767
-0.00306053418646
-0.00321492001751
-0.00336460379325
-0.00350917416176
-0.00364822394048
-0.00378135110995
-0.00390815981575
-0.00402826137605
-0.00414127529271
-0.00424683026351
-0.00434456519308
-0.00443413020009
-0.00451518761820
-0.00458741298825
-0.00465049603910
-0.00470414165453
-0.00474807082363
-0.00478202157196
-0.00480574987097
-0.00481903052300
-0.00482165801918
-0.00481344736772
-0.00479423488998
-0.00476387898170
-0.00472226083697
-0.00466928513238
-0.00460488066900
-0.00452900096973
-0.00444162482983
-0.00434275681829
-0.00423242772799
-0.00411069497248
-0.00397764292754
-0.00383338321549
-0.00367805493067
-0.00351182480425
-0.00333488730701
-0.00314746468855
-0.00294980695174
-0.00274219176130
-0.00252492428537
-0.00229833696939
-0.00206278924158
-0.00181866714929
-0.00156638292620
-0.00130637448978
-0.00103910486927
-0.00076506156416
-0.00048475583349
-0.00019872191656
0.00009248381445
0.00038828376897
0.00068808011868
0.00099125584304
0.00129717583841
0.00160518808913
0.00191462489875
0.00222480417963
0.00253503079866
0.00284459797693
0.00315278874078
0.00345887742171
0.00376213120230
0.00406181170528
0.00435717662244
0.00464748138043
0.00493198083975
0.00520993102358
0.00548059087276
0.00574322402298
0.00599710060050
0.00624149903213
0.00647570786557
0.00669902759568
0.00691077249260
0.00711027242709
0.00729687468891
0.00746994579354
0.00762887327284
0.00777306744496
0.00790196315901
0.00801502150983
0.00811173151822
0.00819161177212
0.00825421202413
0.00829911474076
0.00832593659905
0.00833432992601
0.00832398407658
0.00829462674583
0.00824602521116
0.00817798750046
0.00809036348231
0.00798304587425
0.00785597116555
0.00770912045090
0.00754252017161
0.00735624276117
0.00715040719205
0.00692517942104
0.00668077273037
0.00641744796232
0.00613551364508
0.00583532600779
0.00551728888329
0.00518185349689
0.00482951813998
0.00446082772767
0.00407637323955
0.00367679104332
0.00326276210110
0.00283501105855
0.00239430521718
0.00194145339071
0.00147730464636
0.00100274693240
0.00051870559358
0.00002614177629
-0.00047394927427
-0.00098054002265
-0.00149257255438
-0.00200896058709
-0.00252859157802
-0.00305032892438
-0.00357301425259
-0.00409546979236
-0.00461650083108
-0.00513489824390
-0.00564944109451
-0.00615889930154
-0.00666203636513
-0.00715761214803
-0.00764438570549
-0.00812111815777
-0.00858657559926
-0.00903953203757
-0.00947877235636
-0.00990309529484
-0.01031131643749
-0.01070227120674
-0.01107481785183
-0.01142784042644
-0.01176025174819
-0.01207099633245
-0.01235905329337
-0.01262343920475
-0.01286321091338
-0.01307746829761
-0.01326535696380
-0.01342607087353
-0.01355885489430
-0.01366300726670
-0.01373788198109
-0.01378289105691
-0.01379750671798
-0.01378126345709
-0.01373375998377
-0.01365466104876
-0.01354369913946
-0.01340067604046
-0.01322546425376
-0.01301800827339
-0.01277832570949
-0.01250650825717
-0.01220272250583
-0.01186721058489
-0.01150029064220
-0.01110235715184
-0.01067388104823
-0.01021540968403
-0.00972756660955
-0.00921105117181
-0.00866663793185
-0.00809517589921
-0.00749758758307
-0.00687486785975
-0.00622808265692
-0.00555836745511
-0.00486692560775
-0.00415502648125
-0.00342400341709
-0.00267525151849
-0.00191022526445
-0.00113043595463
-0.00033744898868
0.00046711901553
0.00128160326036
0.00210429395821
0.00293343966741
0.00376725076804
0.00460390307163
0.00544154155776
0.00627828423062
0.00711222608804
0.00794144319517
0.00876399685456
0.00957793786430
0.01038131085529
0.01117215869860
0.01194852697347
0.01270846848652
0.01345004783200
0.01417134598326
0.01487046490501
0.01554553217594
0.01619470561113
0.01681617787346
0.01740818106324
0.01796899127500
0.01849693311071
0.01899038413808
0.01944777928327
0.01986761514679
0.02024845423162
0.02058892907295
0.02088774625834
0.02114369032808
0.02135562754489
0.02152250952289
0.02164337670559
0.02171736168304
0.02174369233850
0.02172169481539
0.02165079629522
0.02153052757815
0.02136052545743
0.02114053488008
0.02087041088605
0.02055012031872
0.02017974330015
0.01975947446468
0.01928962394526
0.01877061810725
0.01820300002483
0.01758742969606
0.01692468399280
0.01621565634244
0.01546135613911
0.01466290788235
0.01382155004199
0.01293863364868
0.01201562061001
0.01105408175276
0.01005569459265
0.00902224083335
0.00795560359745
0.00685776439241
0.00573079981549
0.00457687800191
0.00339825482169
0.00219726983059
0.00097634198174
-0.00026203489502
-0.00151529683858
-0.00278081471847
-0.00405589940442
-0.00533780713417
-0.00662374506959
-0.00791087703063
-0.00919632939594
-0.01047719715880
-0.01175055012620
-0.01301343924857
-0.01426290306741
-0.01549597426719
-0.01670968631802
-0.01790108019492
-0.01906721115920
-0.02020515558728
-0.02131201783193
-0.02238493710068
-0.02342109433593
-0.02441771908112
-0.02537209631720
-0.02628157325352
-0.02714356605713
-0.02795556650461
-0.02871514854022
-0.02941997472473
-0.03006780255870
-0.03065649066466
-0.03118400481251
-0.03164842377265
-0.03204794498163
-0.03238089000540
-0.03264570978545
-0.03284098965347
-0.03296545410067
-0.03301797128802
-0.03299755728454
-0.03290338002066
-0.03273476294480
-0.03249118837138
-0.03217230050934
-0.03177790816067
-0.03130798707912
-0.03076268198010
-0.03014230819322
-0.02944735294969
-0.02867847629777
-0.02783651163989
-0.02692246588608
-0.02593751921905
-0.02488302446721
-0.02376050608251
-0.02257165872121
-0.02131834542619
-0.02000259541049
-0.01862660144279
-0.01719271683607
-0.01570345204195
-0.01416147085398
-0.01256958622405
-0.01093075569706
-0.00924807646977
-0.00752478008101
-0.00576422674074
-0.00396989930703
-0.00214539692030
-0.00029442830547
0.00157919524668
0.00347156720682
0.00537869342999
0.00729650006028
0.00922084170289
0.01114750984795
0.01307224153034
0.01499072820854
0.01689862484517
0.01879155917122
0.02066514111520
0.02251497237808
0.02433665613425
0.02612580683824
0.02787806011653
0.02958908272336
0.03125458253911
0.03287031858939
0.03443211106288
0.03593585130560
0.03737751176913
0.03875315589021
0.04005894787908
0.04129116239370
0.04244619407740
0.04352056693705
0.04451094353946
0.04541413400353
0.04622710476609
0.04694698709953
0.04757108535973
0.04809688494310
0.04852205993198
0.04884448040818
0.04906221941486
0.04917355954760
0.04917699915620
0.04907125813911
0.04885528331350
0.04852825334460
0.04808958321842
0.04753892824335
0.04687618756672
0.04610150719314
0.04521528249291
0.04421816018929
0.04311103981471
0.04189507462708
0.04057167197823
0.03914249312793
0.03760945249790
0.03597471636126
0.03424070096457
0.03241007008006
0.03048573198766
0.02847083588707
0.02636876774167
0.02418314555731
0.02191781410011
0.01957683905892
0.01716450065915
0.01468528673592
0.01214388527609
0.00954517643948
0.00689422407115
0.00419626671785
0.00145670816273
-0.00131889250619
-0.00412483127716
-0.00695527002787
-0.00980424775162
-0.01266569217669
-0.01553343175788
-0.01840120801819
-0.02126268821770
-0.02411147832575
-0.02694113627144
-0.02974518544708
-0.03251712843779
-0.03525046095027
-0.03793868591263
-0.04057532771684
-0.04315394657457
-0.04566815295660
-0.04811162208583
-0.05047810845307
-0.05276146032479
-0.05495563421141
-0.05705470926486
-0.05905290157354
-0.06094457832306
-0.06272427179089
-0.06438669314330
-0.06592674600277
-0.06733953975455
-0.06862040256110
-0.06976489405341
-0.07076881766878
-0.07162823260492
-0.07233946536077
-0.07289912083506
-0.07330409295433
-0.07355157480263
-0.07363906822625
-0.07356439288731
-0.07332569474122
-0.07292145391386
-0.07235049195531
-0.07161197844825
-0.07070543695007
-0.06963075024907
-0.06838816491624
-0.06697829513566
-0.06540212579756
-0.06366101483986
-0.06175669482498
-0.05969127374078
-0.05746723501534
-0.05508743673745
-0.05255511007571
-0.04987385689129
-0.04704764654047
-0.04408081186528
-0.04097804437172
-0.03774438859716
-0.03438523566998
-0.03090631606617
-0.02731369156958
-0.02361374644394
-0.01981317782664
-0.01591898535600
-0.01193846004521
-0.00787917241821
-0.00374895992400
0.00044408635215
0.00469163566066
0.00898513222117
0.01331581049463
0.01767471106907
0.02205269713318
0.02644047150991
0.03082859422109
0.03520750055290
0.03956751959024
0.04389889318738
0.04819179534054
0.05243635192731
0.05662266077649
0.06074081203110
0.06478090876627
0.06873308782287
0.07258754081692
0.07633453528425
0.07996443591898
0.08346772586402
0.08683502801135
0.09005712626909
0.09312498675262
0.09602977885618
0.09876289616168
0.10131597714116
0.10368092560938
0.10584993088332
0.10781548760528
0.10957041518682
0.11110787683100
0.11242139809094
0.11350488492331
0.11435264119573
0.11495938560831
0.11532026798984
0.11543088493033
0.11528729471266
0.11488603150685
0.11422411879201
0.11329908197189
0.11210896015156
0.11065231704390
0.10892825097623
0.10693640396872
0.10467696985807
0.10215070144135
0.09935891661680
0.09630350350008
0.09298692449629
0.08941221931000
0.08558300687748
0.08150348620720
0.07717843611683
0.07261321385692
0.06781375261357
0.06278655788459
0.05753870272557
0.05207782186490
0.04641210468828
0.04055028709632
0.03450164224014
0.02827597014288
0.02188358621669
0.01533530868726
0.00864244494009
0.00181677680483
-0.00512945520371
-0.01218356866726
-0.01933245704557
-0.02656260843292
-0.03386012526256
-0.04121074493018
-0.04859986130544
-0.05601254709869
-0.06343357704812
-0.07084745189085
-0.07823842307946
-0.08559051820421
-0.09288756707907
-0.10011322844850
-0.10725101727028
-0.11428433252829
-0.12119648552785
-0.12797072862497
-0.13459028433977
-0.14103837480311
-0.14729825148474
-0.15335322515017
-0.15918669599275
-0.16478218388696
-0.17012335870800
-0.17519407066251
-0.17997838057487
-0.18446059007315
-0.18862527161873
-0.19245729832341
-0.19594187349813
-0.19906455987722
-0.20181130846271
-0.20416848693340
-0.20612290756384
-0.20766185459926
-0.20877311103265
-0.20944498473160
-0.20966633386291
-0.20942659156429
-0.20871578981341
-0.20752458244597
-0.20584426727539
-0.20366680726868
-0.20098485073396
-0.19779175047708
-0.19408158188636
-0.18984915990617
-0.18509005486196
-0.17980060710130
-0.17397794041743
-0.16761997422394
-0.16072543445132
-0.15329386313829
-0.14532562669312
-0.13682192280257
-0.12778478596820
-0.11821709165243
-0.10812255901918
-0.09750575225637
-0.08637208046997
-0.07472779614222
-0.06257999214881
-0.04993659733271
-0.03680637063480
-0.02319889378421
-0.00912456255388
0.00540542341067
0.02037907217848
0.03578361252277
0.05160550829728
0.06783047418049
0.08444349276679
0.10142883298081
0.11877006978890
0.13645010517897
0.15445119037785
0.17275494927275
0.19134240300107
0.21019399567082
0.22928962117139
0.24860865103257
0.26812996328762
0.28783197229404
0.30769265946417
0.32768960485560
0.34780001956980
0.36800077890596
0.38826845621504
0.40857935739814
0.42890955599156
0.44923492877994
0.46953119187762
0.48977393721747
0.50993866938543
0.53000084273835
0.54993589874179
0.56971930346435
0.58932658516408
0.60873337190276
0.62791542912317
0.64684869712474
0.66550932837284
0.68387372457706
0.70191857347442
0.71962088525336
0.73695802855535
0.75390776599140
0.77044828911126
0.78655825276455
0.80221680879342
0.81740363899780
0.83209898731544
0.84628369116020
0.85993921186349
0.87304766416524
0.88559184470255
0.89755525944569
0.90892215003310
0.91967751895885
0.92980715356795
0.93929764881731
0.94813642876182
0.95631176672756
0.96381280413655
0.97062956794943
0.97675298669532
0.98217490506035
0.98688809700888
0.99088627741433
0.99416411217874
0.99671722682317
0.99854221353377
0.99963663665080
0.99999903659106
0.99962893219663
0.99852682150575
0.99669418094456
0.99413346294112
0.99084809196587
0.98684245900571
0.98212191448147
0.97669275962133
0.97056223630568
0.96373851540126
0.95623068360550
0.94804872882435
0.93920352410961
0.92970681018415
0.91957117658625
0.90881004146634
0.89743763007191
0.88546895195891
0.87291977696974
0.85980661002059
0.84614666474240
0.83195783602229
0.81725867149381
0.80206834202619
0.78640661126478
0.77029380427617
0.75375077535313
0.73679887503603
0.71945991640836
0.70175614072574
0.68371018243822
0.66534503366733
0.64668400819955
0.62775070505919
0.60856897172392
0.58916286704684
0.56955662394937
0.54977461194959
0.52984129959053
0.50978121683339
0.48961891748016
0.46937894169019
0.44908577865474
0.42876382949334
0.40843737043491
0.38813051634625
0.36786718466945
0.34767105982909
0.32756555816887
0.30757379347646
0.28771854315380
0.26802221508913
0.24850681528531
0.22919391629750
0.21010462653190
0.19125956045521
0.17267880976283
0.15438191555200
0.13638784154397
0.11871494839737
0.10138096915272
0.08440298584603
0.06779740732695
0.05157994831484
0.03576560972366
0.02036866028419
0.00540261948969
-0.00911975811150
-0.02318649725526
-0.03678641491455
-0.04990913184973
-0.06254508274328
-0.07468552490803
-0.08632254556099
-0.09744906765728
-0.10805885428150
-0.11814651159625
-0.12770749035049
-0.13673808595255
-0.14523543711582
-0.15319752308702
-0.16062315947009
-0.16751199266088
-0.17386449291030
-0.17968194603629
-0.18496644380697
-0.18972087301983
-0.19394890330424
-0.19765497367635
-0.20084427787802
-0.20352274853316
-0.20569704015714
-0.20737451105648
-0.20856320415834
-0.20927182681065
-0.20950972959563
-0.20928688420102
-0.20861386039476
-0.20750180215030
-0.20596240297094
-0.20400788046306
-0.20165095020884
-0.19890479899032
-0.19578305741753
-0.19229977201408
-0.18846937681448
-0.18430666452788
-0.17982675732344
-0.17504507729299
-0.16997731664681
-0.16463940769850
-0.15904749269511
-0.15321789354834
-0.14716708152283
-0.14091164693702
-0.13446826893164
-0.12785368536075
-0.12108466285921
-0.11417796714018
-0.10715033357523
-0.10001843810869
-0.09279886855736
-0.08550809634490
-0.07816244871983
-0.07077808150423
-0.06337095241922
-0.05595679503193
-0.04855109336689
-0.04116905722351
-0.03382559823962
-0.02653530673924
-0.01931242940106
-0.01217084778235
-0.00512405773109
0.00181485028289
0.00863320988876
0.01531879656069
0.02185984436425
0.02824506168032
0.03446364588603
0.04050529697421
0.04636023009504
0.05201918700577
0.05747344641674
0.06271483322373
0.06773572661940
0.07252906707842
0.07708836221320
0.08140769149942
0.08548170987259
0.08930565019917
0.09287532462782
0.09618712482863
0.09923802113003
0.10202556056530
0.10454786384268
0.10680362125486
0.10879208754568
0.11051307575379
0.11196695005470
0.11315461762465
0.11407751955120
0.11473762081724
0.11513739938675
0.11527983442197
0.11516839366331
0.11480702000457
0.11420011729734
0.11335253541986
0.11226955464642
0.11095686935487
0.10942057111038
0.10766713116488
0.10570338241206
0.10353650083884
0.10117398651467
0.09862364416071
0.09589356334118
0.09299209831999
0.08992784762540
0.08670963336640
0.08334648034392
0.07984759500057
0.07622234425210
0.07248023424397
0.06863088907597
0.06468402953756
0.06064945189624
0.05653700678072
0.05235657820014
0.04811806273988
0.04383134897391
0.03950629713260
0.03515271906430
0.03078035852793
0.02639887185275
0.02201780900055
0.01764659506429
0.01329451223601
0.00897068227562
0.00468404951079
0.00044336439698
-0.00374283233493
-0.00786622491745
-0.01191873714691
-0.01589254632266
-0.01978009650346
-0.02357411106119
-0.02726760451362
-0.03085389361947
-0.03432660772109
-0.03767969832107
-0.04090744788160
-0.04400447783634
-0.04696575580682
-0.04978660201688
-0.05246269490031
-0.05499007589864
-0.05736515344786
-0.05958470615416
-0.06164588516092
-0.06354621571037
-0.06528359790540
-0.06685630667819
-0.06826299097429
-0.06950267216201
-0.07057474167865
-0.07147895792661
-0.07221544243369
-0.07278467529337
-0.07318748990234
-0.07342506701353
-0.07349892812441
-0.07341092822147
-0.07316324790276
-0.07275838490175
-0.07219914503649
-0.07148863260917
-0.07063024028219
-0.06962763845745
-0.06848476418641
-0.06720580963950
-0.06579521016351
-0.06425763195678
-0.06259795939211
-0.06082128201788
-0.05893288126839
-0.05693821691445
-0.05484291328573
-0.05265274529651
-0.05037362430637
-0.04801158384774
-0.04557276525191
-0.04306340320507
-0.04048981126589
-0.03785836737581
-0.03517549939292
-0.03244767068005
-0.02968136577706
-0.02688307618719
-0.02405928630637
-0.02121645952411
-0.01836102452383
-0.01549936180980
-0.01263779048702
-0.00978255531976
-0.00693981409337
-0.00411562530333
-0.00131593619441
0.00145342882815
0.00418677939448
0.00687856995313
0.00952341012246
0.01211607459282
0.01465151256290
0.01712485669493
0.01953143157462
0.02186676166269
0.02412657872658
0.02630682874146
0.02840367825162
0.03041352018402
0.03233297910744
0.03415891593155
0.03588843204202
0.03751887286834
0.03904783088301
0.04047314803143
0.04179291759340
0.04300548547823
0.04410945095665
0.04510366683396
0.04598723906998
0.04675952585262
0.04742013613266
0.04796892762901
0.04840600431415
0.04873171339091
0.04894664177254
0.04905161207914
0.04904767816414
0.04893612018582
0.04871843923929
0.04839635156552
0.04797178235438
0.04744685915972
0.04682390494496
0.04610543077829
0.04529412819736
0.04439286126349
0.04340465832623
0.04233270351944
0.04118032801025
0.03995100102285
0.03864832065911
0.03727600453840
0.03583788027902
0.03433787584384
0.03278000977287
0.03116838132529
0.02950716055371
0.02780057833306
0.02605291636665
0.02426849719153
0.02245167420514
0.02060682173512
0.01873832517342
0.01685057119597
0.01494793808842
0.01303478619817
0.01111544853234
0.00919422152088
0.00727535596333
0.00536304817737
0.00346143136636
0.00157456722268
-0.00029356221726
-0.00213906245092
-0.00395813410602
-0.00574708024167
-0.00750231334133
-0.00922036198531
-0.01089787719177
-0.01253163841564
-0.01411855919588
-0.01565569244250
-0.01714023535551
-0.01856953396889
-0.01994108731361
-0.02125255119471
-0.02250174157809
-0.02368663758408
-0.02480538408509
-0.02585629390621
-0.02683784962809
-0.02774870499250
-0.02858768591179
-0.02935379108446
-0.03004619221967
-0.03066423387466
-0.03120743290959
-0.03167547756535
-0.03206822617046
-0.03238570548424
-0.03262810868367
-0.03279579300277
-0.03288927703327
-0.03290923769663
-0.03285650689765
-0.03273206787089
-0.03253705123122
-0.03227273074087
-0.03194051880558
-0.03154196171279
-0.03107873462562
-0.03055263634645
-0.02996558386452
-0.02931960670204
-0.02861684107389
-0.02785952387603
-0.02704998651808
-0.02619064861553
-0.02528401155750
-0.02433265196580
-0.02333921506115
-0.02230640795267
-0.02123699286641
-0.02013378032897
-0.01899962232197
-0.01783740542314
-0.01665004394956
-0.01544047311856
-0.01421164224131
-0.01296650796426
-0.01170802757295
-0.01043915237261
-0.00916282115970
-0.00788195379781
-0.00659944491158
-0.00531815771116
-0.00404091795990
-0.00277050809707
-0.00150966152728
-0.00026105708738
0.00097268629856
0.00218901476630
0.00338544445128
0.00455956621228
0.00570905013090
0.00683164977920
0.00792520624854
0.00898765193320
0.01001701406328
0.01101141798145
0.01196909015951
0.01288836095062
0.01376766707423
0.01460555383122
0.01540067704723
0.01615180474314
0.01685781853196
0.01751771474235
0.01813060526920
0.01869571815283
0.01921239788844
0.01968010546851
0.02009841816106
0.02046702902753
0.02078574618434
0.02105449181293
0.02127330092362
0.02144231987881
0.02156180468197
0.02163211903904
0.02165373219928
0.02162721658343
0.02155324520673
0.02143258890553
0.02126611337590
0.02105477603351
0.02079962270384
0.02050178415258
0.02016247246591
0.01978297729085
0.01936466194592
0.01890895941264
0.01841736821834
0.01789144822132
0.01733281630882
0.01674314201905
0.01612414309804
0.01547758100236
0.01480525635866
0.01410900439098
0.01339069032672
0.01265220479202
0.01189545920736
0.01112238119377
0.01033491000025
0.00953499196248
0.00872457600300
0.00790560918254
0.00708003231224
0.00624977563595
0.00541675459173
0.00458286566134
0.00374998231610
0.00291995106724
0.00209458762861
0.00127567319905
0.00046495087158
-0.00033587782402
-0.00112515623886
-0.00190127577700
-0.00266267891648
-0.00340786207417
-0.00413537830995
-0.00484383986594
-0.00553192053702
-0.00619835786942
-0.00684195518438
-0.00746158342456
-0.00805618282115
-0.00862476438014
-0.00916641118672
-0.00968027952698
-0.01016559982694
-0.01062167740881
-0.01104789306537
-0.01144370345332
-0.01180864130716
-0.01214231547541
-0.01244441078140
-0.01271468771130
-0.01295298193233
-0.01315920364456
-0.01333333676993
-0.01347543798260
-0.01358563558493
-0.01366412823373
-0.01371118352184
-0.01372713642009
-0.01371238758528
-0.01366740153983
-0.01359270472902
-0.01348888346206
-0.01335658174335
-0.01319649900029
-0.01300938771453
-0.01279605096343
-0.01255733987854
-0.01229415102833
-0.01200742373219
-0.01169813731292
-0.01136730829498
-0.01101598755574
-0.01064525743708
-0.01025622882454
-0.00985003820136
-0.00942784468462
-0.00899082705060
-0.00854018075656
-0.00807711496580
-0.00760284958310
-0.00711861230713
-0.00662563570667
-0.00612515432699
-0.00561840183287
-0.00510660819430
-0.00459099692103
-0.00407278235152
-0.00355316700213
-0.00303333898172
-0.00251446947683
-0.00199771031243
-0.00148419159277
-0.00097501942674
-0.00047127374195
0.00002599380873
0.00051576184446
0.00099704115442
0.00146887649322
0.00193034827127
0.00238057413747
0.00281871045216
0.00324395364837
0.00365554147997
0.00405275415525
0.00443491535502
0.00480139313462
0.00515160070924
0.00548499712261
0.00580108779909
0.00609942497963
0.00637960804233
0.00664128370850
0.00688414613545
0.00710793689765
0.00731244485767
0.00749750592918
0.00766300273397
0.00780886415555
0.00793506479189
0.00804162431006
0.00812860670594
0.00819611947206
0.00824431267702
0.00827337796004
0.00828354744415
0.00827509257217
0.00824832286905
0.00820358463494
0.00814125957298
0.00806176335621
0.00796554413773
0.00785308100882
0.00772488240919
0.00758148449413
0.00742344946293
0.00725136385316
0.00706583680558
0.00686749830398
0.00665699739468
0.00643500039028
0.00620218906202
0.00595925882535
0.00570691692302
0.00544588061014
0.00517687534536
0.00490063299250
0.00461789003662
0.00432938581851
0.00403586079162
0.00373805480502
0.00343670541620
0.00313254623705
0.00282630531658
0.00251870356342
0.00221045321132
0.00190225633051
0.00159480338764
0.00128877185705
0.00098482488556
0.00068361001329
0.00038575795241
0.00009188142581
-0.00019742593259
-0.00048159061437
-0.00076006020852
-0.00103230430771
-0.00129781534772
-0.00155610937936
-0.00180672677210
-0.00204923284902
-0.00228321845281
-0.00250830044257
-0.00272412212161
-0.00293035359633
-0.00312669206666
-0.00331286204855
-0.00348861552924
-0.00365373205607
-0.00380801875995
-0.00395131031455
-0.00408346883245
-0.00420438369974
-0.00431397135055
-0.00441217498313
-0.00449896421928
-0.00457433470899
-0.00463830768220
-0.00469092944981
-0.00473227085602
-0.00476242668428
-0.00478151501904
-0.00478967656575
-0.00478707393146
-0.00477389086857
-0.00475033148405
-0.00471661941688
-0.00467299698615
-0.00461972431242
-0.00455707841494
-0.00448535228742
-0.00440485395482
-0.00431590551388
-0.00421884215993
-0.00411401120250
-0.00400177107241
-0.00388249032269
-0.00375654662597
-0.00362432577060
-0.00348622065806
-0.00334263030380
-0.00319395884403
-0.00304061455039
-0.00288300885484
-0.00272155538684
-0.00255666902462
-0.00238876496275
-0.00221825779756
-0.00204556063240
-0.00187108420421
-0.00169523603314
-0.00151841959651
-0.00134103352873
-0.00116347084826
-0.00098611821292
-0.00080935520462
-0.00063355364450
-0.00045907693941
-0.00028627946047
-0.00011550595449
0.00005290901118
0.00021864156992
0.00038137904265
0.00054082039010
0.00069667663008
0.00084867121977
0.00099654040299
0.00114003352233
0.00127891329650
0.00141295606292
0.00154195198598
0.00166570523124
0.00178403410607
0.00189677116720
0.00200376329589
0.00210487174109
0.00219997213169
0.00228895445818
0.00237172302501
0.00244819637404
0.00251830718038
0.00258200212138
0.00263924171979
0.00269000016215
0.00273426509342
0.00277203738902
0.00280333090532
0.00282817220964
0.00284660029112
0.00285866625339
0.00286443299026
0.00286397484573
0.00285737725928
0.00284473639776
0.00282615877497
0.00280176086009
0.00277166867612
0.00273601738939
0.00269495089136
0.00264862137369
0.00259718889766
0.00254082095905
0.00247969204941
0.00241398321471
0.00234388161243
0.00226958006782
0.00219127663038
0.00210917413134
0.00202347974295
0.00193440454039
0.00184216306694
0.00174697290329
0.00164905424147
0.00154862946409
0.00144592272944
0.00134115956313
0.00123456645649
0.00112637047246
0.00101679885923
0.00090607867209
0.00079443640376
0.00068209762356
0.00056928662570
0.00045622608686
0.00034313673330
0.00023023701770
0.00011774280576
0.00000586707279
-0.00010518038971
-0.00021519325743
-0.00032396894651
-0.00043130887676
-0.00053701872479
-0.00064090866712
-0.00074279361334
-0.00084249342938
-0.00093983315098
-0.00103464318746
-0.00112675951596
-0.00121602386613
-0.00130228389561
-0.00138539335619
-0.00146521225109
-0.00154160698315
-0.00161445049439
-0.00168362239690
-0.00174900909524
-0.00181050390050
-0.00186800713619
-0.00192142623595
-0.00197067583335
-0.00201567784383
-0.00205636153882
-0.00209266361226
